<<<<<<< HEAD
<<<<<<< HEAD
Exemple n°1|[1, 50, 0, 2600, 5, 0, 7, 0, 25, 50][220, 180, 300, 320, 80, 360, 340, 60][60, 100, 220, 120, 120, 260, 300, 260, 40, 440, 440, 40]
=======
Exemple n°1|[0, 50, 0, 2600, 5, 0, 7, 1, 25, 50][220, 180, 300, 320, 80, 360, 340, 60][60, 100, 220, 120, 120, 260, 300, 260, 40, 440, 440, 40]
>>>>>>> refs/remotes/origin/master
=======
Exemple n°1|[0, 50, 0, 2600, 5, 0, 7, 1, 25, 50][220, 180, 300, 320, 80, 360, 340, 60][60, 100, 220, 120, 120, 260, 300, 260, 40, 440, 440, 40]
>>>>>>> refs/remotes/origin/master
test|[0, 0, 0, 100, 5, 0, 1, 1, 3, 12][360, 300, 340, 200, 60, 160, 200, 160, 160, 300][220, 100, 160, 180, 220, 200, 300, 160, 280, 260, 240, 340, 160, 360, 140, 240, 80, 220, 100, 160, 120, 100, 360, 120, 380, 280]
Test-Matrice|[0, 0, 0, 100, 5, 0, 1, 0, 5, 0][198, 80, 80, 160, 140, 280, 320, 320, 400, 260][180, 180, 120, 320, 200, 340, 280, 340, 280, 220, 360, 140, 240, 200, 160, 340, 180, 380, 240, 380, 320, 360]
